 516 148 510 346
 516 156 510 354
 516 164 514 354
 516 172 510 364
 516 180 512 370
 516 196 510 382
 516 204 512 388
 516 212 512 396
 516 220 508 402
 516 252 516 426
 516 260 516 432
 516 276 516 446
 516 284 514 452
 516 292 514 458
 516 300 516 470
 516 308 518 478
 524 36 476 266
 524 172 514 366
 524 220 514 402
 524 228 514 408
 524 236 514 416
 524 4 470 242
 524 268 524 442
 524 284 520 452
 524 292 522 458
 524 300 522 474
 132 132 198 222
 132 148 202 238
 132 156 204 244
 132 164 202 250
 132 172 210 258
 132 44 180 148
 132 180 212 266
 132 196 212 278
 132 204 212 286
 132 212 214 294
 132 220 214 302
 132 244 258 330
 132 252 246 330
 132 4 166 114
 132 268 248 346
 132 300 262 376
 132 76 188 174
 132 316 286 388
 132 324 290 398
 132 332 298 408
 132 84 190 182
 132 340 298 416
 132 356 298 430
 132 364 298 438
 132 92 192 188
 132 372 296 446
 132 380 298 454
 132 388 300 462
 132 396 302 470
 132 100 192 194
 132 404 304 478
 132 412 302 478
 132 108 192 202
 132 116 192 208
 532 36 482 268
 532 44 486 274
 532 188 518 380
 532 12 478 250
 532 52 488 278
 532 228 522 410
 532 4 476 244
 532 260 526 436
 532 268 536 434
 532 20 482 256
 540 188 532 358
 540 12 486 254
 540 196 534 368
 540 212 522 398
 540 236 524 418
 540 252 532 428
 540 260 530 438
 540 268 530 446
 540 68 498 292
 540 276 530 450
 540 284 532 456
 540 300 530 470
 540 308 528 476
 540 84 506 306
 540 28 488 264
 548 36 498 272
 548 44 494 280
 548 180 534 360
 548 188 542 358
 548 12 492 254
 548 196 538 366
 548 220 530 406
 548 228 530 412
 548 268 536 446
 548 276 536 450
 548 316 546 478
 548 20 494 260
 556 36 496 280
 556 188 542 368
 556 12 496 254
 556 196 528 378
 556 204 532 396
 556 228 530 416
 556 268 546 450
 556 292 540 466
 556 300 538 472
 556 76 510 302
 556 20 498 262
 556 92 514 316
 556 28 498 270
 140 132 206 224
 140 148 210 240
 140 164 214 252
 140 172 220 262
 140 44 186 150
 140 180 220 268
 140 188 220 274
 140 196 220 282
 140 204 220 288
 140 52 186 156
 140 212 220 296
 140 220 222 304
 140 60 186 164
 140 244 264 330
 140 252 254 334
 140 4 176 118
 140 260 254 342
 140 68 194 172
 140 276 254 356
 140 284 254 362
 140 300 274 378
 140 76 194 178
 140 316 294 386
 140 20 180 130
 140 324 298 402
 140 348 306 426
 140 356 304 434
 140 364 304 442
 140 372 304 448
 140 380 304 456
 140 100 200 198
 140 404 314 478
 140 108 200 204
 140 28 182 138
 140 116 202 212
 140 124 204 218
 564 196 536 382
 564 204 536 394
 564 212 536 404
 564 220 536 410
 564 228 536 418
 564 236 538 424
 564 60 500 296
 564 284 558 462
 564 84 514 310
 564 100 514 322
 572 132 534 350
 572 12 508 262
 572 204 542 390
 572 52 510 286
 572 236 550 422
 572 60 506 294
 572 244 546 432
 572 260 550 444
 572 276 564 456
 572 292 550 470
 572 20 508 268
 572 28 508 272
 36 148 102 202
 36 164 104 218
 36 44 86 110
 36 180 106 232
 36 188 108 240
 36 12 78 80
 36 220 104 264
 36 228 144 278
 36 244 152 294
 36 252 154 300
 36 4 80 74
 36 68 90 128
 36 276 164 326
 36 284 164 332
 36 300 168 348
 36 76 88 136
 36 308 172 358
 36 316 178 366
 36 20 80 90
 36 324 178 374
 36 332 198 382
 36 84 90 144
 36 340 196 390
 36 348 196 398
 36 356 196 406
 36 364 198 414
 36 372 198 422
 36 380 198 428
 36 388 198 434
 36 396 198 446
 36 404 194 456
 36 412 190 464
 36 420 190 472
 36 116 98 174
 36 124 98 182
 580 36 518 280
 580 12 518 262
 580 204 550 390
 580 52 518 290
 580 212 546 402
 580 220 544 414
 580 244 552 432
 580 260 552 444
 580 68 524 302
 580 276 570 454
 580 284 570 462
 580 76 524 308
 580 20 514 268
 580 84 526 314
 580 100 528 326
 580 108 520 342
 580 28 514 274
 580 116 530 338
 580 124 544 342
 588 36 522 282
 588 44 524 288
 588 76 532 310
 588 20 520 270
 588 84 534 316
 588 100 536 328
 148 132 214 230
 148 140 214 234
 148 148 218 242
 148 156 218 248
 148 180 226 268
 148 188 228 276
 148 12 184 122
 148 196 228 284
 148 204 228 292
 148 52 192 158
 148 212 228 298
 148 220 228 306
 148 236 266 322
 148 60 192 164
 148 4 182 106
 148 260 258 344
 148 68 200 172
 148 284 262 366
 148 76 206 180
 148 316 302 394
 148 20 190 134
 148 324 306 404
 148 332 306 412
 148 340 308 420
 148 356 312 434
 148 364 312 442
 148 92 208 194
 148 372 312 450
 148 388 312 466
 148 108 208 206
 148 28 190 140
 148 116 210 214
 148 124 212 222
 596 196 552 400
 596 20 526 272
 596 84 540 316
 596 92 542 326
 596 28 528 278
 596 116 538 340
 596 124 538 346
 604 36 534 288
 604 148 568 366
 604 52 534 298
 604 4 528 264
 604 260 564 450
 604 84 546 320
 604 28 534 282
 612 132 550 356
 612 140 550 362
 612 36 538 290
 612 52 540 298
 612 92 572 328
 612 28 538 282
 612 116 548 344
 620 140 554 364
 620 44 544 290
 620 52 544 296
 620 60 548 310
 620 68 548 318
 620 76 560 310
 620 100 554 336
 620 116 556 346
 620 124 556 352
 156 140 226 238
 156 36 198 150
 156 148 226 246
 156 156 228 252
 156 164 232 258
 156 172 234 266
 156 180 234 274
 156 12 198 130
 156 196 236 286
 156 204 234 294
 156 212 236 302
 156 220 236 308
 156 228 238 320
 156 60 200 162
 156 276 266 360
 156 292 268 374
 156 76 214 184
 156 308 306 390
 156 316 306 396
 156 332 312 414
 156 340 316 422
 156 356 316 430
 156 380 320 460
 156 388 320 468
 156 396 320 476
 156 108 218 210
 156 28 198 142
 156 116 218 216
 156 124 220 224
 628 132 562 358
 628 44 550 286
 628 12 542 274
 628 60 554 308
 628 68 556 316
 628 92 566 330
 628 100 562 336
 636 140 570 368
 636 220 568 426
 636 228 570 432
 636 68 562 316
 636 76 564 322
 636 84 584 330
 636 108 566 346
 636 436 576 356
 164 140 232 240
 164 36 204 152
 164 148 234 248
 164 172 240 268
 164 180 242 276
 164 188 246 284
 164 196 242 290
 164 204 242 296
 164 220 244 310
 164 228 246 318
 164 252 278 352
 164 268 270 354
 164 284 274 370
 164 300 314 384
 164 76 218 186
 164 308 316 394
 164 316 314 400
 164 324 322 408
 164 84 222 194
 164 340 320 422
 164 356 322 438
 164 364 320 444
 164 92 222 200
 164 372 320 454
 164 396 328 478
 164 28 206 146
 164 116 230 222
 164 124 228 226
 172 132 236 236
 172 140 240 244
 172 36 214 156
 172 148 244 250
 172 156 246 256
 172 44 214 162
 172 180 248 278
 172 188 248 284
 172 196 248 292
 172 204 250 300
 172 52 216 168
 172 212 250 308
 172 220 250 314
 172 228 250 320
 172 4 224 122
 172 68 222 182
 172 300 322 388
 172 308 322 394
 172 316 328 402
 172 84 228 196
 172 92 228 202
 172 100 228 208
 172 28 212 148
 172 116 236 222
 172 124 236 230
 44 140 110 198
 44 36 92 106
 44 148 110 206
 44 156 112 214
 44 172 114 228
 44 44 92 112
 44 180 114 234
 44 188 116 242
 44 12 88 86
 44 196 118 250
 44 204 120 258
 44 52 94 120
 44 212 118 268
 44 220 124 276
 44 252 162 304
 44 268 166 318
 44 68 98 134
 44 284 174 334
 44 292 178 344
 44 308 178 358
 44 20 88 92
 44 324 184 376
 44 84 98 146
 44 340 202 390
 44 348 204 400
 44 356 204 408
 44 364 204 418
 44 372 206 424
 44 388 210 442
 44 396 214 450
 44 100 98 158
 44 404 210 458
 44 412 206 466
 44 420 206 476
 44 108 106 168
 44 28 86 98
 44 124 104 182
 180 36 222 158
 180 148 266 254
 180 164 254 266
 180 172 256 274
 180 44 222 166
 180 188 256 286
 180 196 256 294
 180 204 256 302
 180 228 258 322
 180 60 226 178
 180 252 294 358
 180 268 296 372
 180 68 230 184
 180 292 326 382
 180 300 330 390
 180 76 232 192
 180 308 332 398
 180 20 238 110
 180 332 330 410
 180 356 332 438
 180 364 332 446
 180 92 234 204
 180 372 344 450
 180 388 340 470
 180 396 342 474
 180 100 234 214
 180 108 242 218
 180 116 242 226
 180 124 244 232
 188 132 252 242
 188 36 230 162
 188 148 254 254
 188 156 266 262
 188 164 262 270
 188 44 232 168
 188 188 264 290
 188 204 262 304
 188 220 260 318
 188 228 288 328
 188 252 300 358
 188 284 330 376
 188 300 338 392
 188 308 340 400
 188 324 346 418
 188 84 240 202
 188 356 342 440
 188 92 242 208
 188 380 350 458
 188 28 226 150
 188 116 248 228
 188 124 248 236
 12 132 74 178
 12 140 76 186
 12 36 60 92
 12 148 78 192
 12 156 80 200
 12 164 82 208
 12 172 82 216
 12 44 62 100
 12 180 78 222
 12 188 82 230
 12 204 84 246
 12 212 86 254
 12 220 86 274
 12 60 66 114
 12 244 132 286
 12 252 132 294
 12 4 56 62
 12 268 142 310
 12 276 142 318
 12 284 140 326
 12 292 146 334
 12 300 146 342
 12 308 148 350
 12 316 150 358
 12 324 152 370
 12 84 66 136
 12 340 170 382
 12 348 170 392
 12 356 172 400
 12 364 172 408
 12 92 64 146
 12 372 172 416
 12 380 170 424
 12 388 170 432
 12 396 170 442
 12 100 74 152
 12 404 170 450
 12 412 170 456
 12 28 58 86
 12 116 76 166
 12 124 74 170
 196 132 258 244
 196 140 260 252
 196 36 244 154
 196 148 262 258
 196 156 270 264
 196 164 270 272
 196 172 270 280
 196 12 242 104
 196 196 268 300
 196 204 268 306
 196 212 270 312
 196 228 296 326
 196 60 240 174
 196 244 322 358
 196 276 304 374
 196 284 338 378
 196 292 342 386
 196 300 344 394
 196 76 242 188
 196 308 344 400
 196 348 336 414
 196 364 336 456
 196 380 344 446
 196 100 248 216
 196 28 246 142
 204 164 276 274
 204 172 278 280
 204 44 258 166
 204 188 278 294
 204 196 276 300
 204 204 276 308
 204 212 278 314
 204 228 304 328
 204 60 260 168
 204 244 310 338
 204 252 314 350
 204 4 248 102
 204 260 314 370
 204 316 346 410
 204 108 258 228
 204 116 260 234
 52 140 122 200
 52 36 98 110
 52 148 118 206
 52 164 118 222
 52 172 122 230
 52 44 102 114
 52 180 122 238
 52 188 124 244
 52 196 126 252
 52 52 102 122
 52 212 124 270
 52 236 166 290
 52 60 106 130
 52 244 166 298
 52 252 174 308
 52 260 174 314
 52 268 176 322
 52 68 106 138
 52 284 182 338
 52 292 184 346
 52 300 184 354
 52 76 106 144
 52 316 188 370
 52 340 210 396
 52 348 212 402
 52 356 214 410
 52 364 222 416
 52 92 110 158
 52 372 220 426
 52 380 222 434
 52 388 222 444
 52 396 220 452
 52 100 110 166
 52 404 218 460
 52 412 220 466
 52 420 218 476
 52 428 210 466
 52 28 96 102
 52 116 112 178
 52 124 110 186
 212 140 274 256
 212 164 284 276
 212 172 284 282
 212 44 266 162
 212 180 286 290
 212 188 286 298
 212 12 250 82
 212 196 286 306
 212 212 314 318
 212 220 310 318
 212 236 314 338
 212 60 256 182
 212 252 328 362
 212 260 330 368
 212 68 254 196
 212 84 260 210
 212 108 266 228
 212 116 270 238
 212 468 158 406
 212 124 270 244
 220 132 280 252
 220 140 282 258
 220 148 284 266
 220 164 290 278
 220 172 290 284
 220 180 294 292
 220 196 334 306
 220 204 334 314
 220 236 320 338
 220 60 260 190
 220 68 260 198
 220 20 274 86
 220 84 282 198
 220 92 270 218
 220 108 276 230
 220 116 276 238
 220 124 276 246
 228 164 330 284
 228 12 250 158
 228 204 342 314
 228 60 266 194
 228 76 296 186
 228 116 282 242
 236 132 292 258
 236 140 292 264
 236 180 348 300
 236 188 348 306
 236 196 348 312
 236 204 346 320
 236 212 330 326
 236 228 344 328
 236 4 256 154
 236 316 336 418
 236 84 288 82
 236 92 290 220
 236 100 284 230
 236 108 286 236
 236 116 318 256
 60 132 122 196
 60 36 108 112
 60 148 126 212
 60 156 128 218
 60 164 130 226
 60 172 130 232
 60 180 128 240
 60 188 134 250
 60 196 138 256
 60 204 134 262
 60 52 110 126
 60 228 170 286
 60 236 172 294
 60 252 182 310
 60 4 102 86
 60 260 182 318
 60 268 182 330
 60 276 186 332
 60 284 188 340
 60 308 190 364
 60 316 196 372
 60 332 210 386
 60 84 114 152
 60 340 218 398
 60 348 222 404
 60 356 226 412
 60 364 230 418
 60 372 232 430
 60 388 230 444
 60 396 228 454
 60 100 118 168
 60 404 228 462
 60 412 228 470
 60 420 226 478
 60 28 104 104
 60 116 120 182
 60 468 134 394
 60 124 120 190
 244 132 298 258
 244 140 332 278
 244 180 356 302
 244 188 356 306
 244 196 356 312
 244 60 340 202
 244 4 264 154
 244 68 340 210
 244 76 296 78
 244 84 298 82
 244 92 332 228
 244 100 332 240
 244 108 330 248
 244 124 302 254
 252 132 354 264
 252 148 358 276
 252 156 362 284
 252 164 364 292
 252 172 362 298
 252 52 350 196
 252 220 342 334
 252 236 332 350
 252 4 276 154
 252 20 344 170
 252 84 570 214
 252 92 570 220
 252 100 338 230
 252 108 354 246
 252 28 342 178
 252 116 354 254
 252 124 352 258
 4 132 66 174
 4 140 66 182
 4 36 54 88
 4 156 74 200
 4 172 76 214
 4 12 50 70
 4 204 76 242
 4 52 60 104
 4 212 78 250
 4 244 124 284
 4 252 126 292
 4 4 50 62
 4 260 130 298
 4 268 132 304
 4 68 60 118
 4 276 130 312
 4 284 134 324
 4 292 140 332
 4 300 138 338
 4 76 60 124
 4 308 140 348
 4 316 140 356
 4 20 52 76
 4 324 146 364
 4 332 150 372
 4 84 60 132
 4 340 158 382
 4 348 162 390
 4 356 162 398
 4 364 164 406
 4 372 164 414
 4 380 164 422
 4 388 162 430
 4 396 160 438
 4 404 160 448
 4 412 160 456
 4 420 160 464
 4 428 160 472
 4 108 66 154
 4 28 48 84
 4 452 134 472
 4 116 66 162
 260 132 364 266
 260 156 372 286
 260 164 370 292
 260 172 370 298
 260 180 368 304
 260 12 354 170
 260 220 334 340
 260 236 338 352
 260 244 340 360
 260 260 344 374
 260 268 346 382
 260 68 342 220
 260 276 346 388
 260 108 360 246
 260 28 350 180
 260 116 362 254
 260 124 360 260
 268 132 372 268
 268 140 376 276
 268 36 354 190
 268 148 376 284
 268 156 378 288
 268 44 356 198
 268 188 366 314
 268 52 352 210
 268 220 338 342
 268 228 336 346
 268 60 364 210
 268 244 346 360
 268 268 354 382
 268 68 362 218
 268 276 354 388
 268 76 366 224
 268 308 354 418
 268 316 356 426
 268 20 362 178
 268 324 358 434
 268 332 358 440
 268 348 358 454
 268 92 366 238
 268 28 362 184
 268 116 368 254
 68 132 130 200
 68 36 116 114
 68 148 134 214
 68 164 136 230
 68 172 138 236
 68 44 114 122
 68 180 142 244
 68 188 144 252
 68 196 144 258
 68 204 144 266
 68 52 116 130
 68 220 176 280
 68 228 178 290
 68 236 180 296
 68 60 118 136
 68 252 190 312
 68 4 108 88
 68 260 192 320
 68 268 192 328
 68 284 196 342
 68 292 196 350
 68 300 196 358
 68 76 118 150
 68 308 196 366
 68 20 108 102
 68 324 208 382
 68 332 218 390
 68 356 236 414
 68 364 238 422
 68 92 126 164
 68 372 240 432
 68 380 238 438
 68 388 238 448
 68 396 236 456
 68 100 128 172
 68 404 238 464
 68 412 238 472
 68 108 128 178
 68 116 130 186
 68 124 128 192
 276 36 362 192
 276 164 382 296
 276 44 362 200
 276 180 376 306
 276 188 374 314
 276 228 344 350
 276 236 350 358
 276 60 374 214
 276 244 356 364
 276 252 358 370
 276 4 170 32
 276 68 372 220
 276 276 352 392
 276 284 356 400
 276 292 358 408
 276 76 372 226
 276 316 362 426
 276 324 362 434
 276 332 364 440
 276 340 364 450
 276 348 364 456
 276 92 372 238
 276 100 372 244
 276 28 368 182
 276 116 376 270
 284 140 388 282
 284 164 388 298
 284 180 384 310
 284 188 384 318
 284 196 354 322
 284 212 346 338
 284 228 354 352
 284 236 360 360
 284 60 378 214
 284 260 362 378
 284 268 360 386
 284 68 380 222
 284 276 360 394
 284 284 362 400
 284 292 366 408
 284 76 380 228
 284 308 366 422
 284 324 368 436
 284 332 370 444
 284 84 380 234
 284 92 378 242
 284 100 378 248
 292 132 390 274
 292 148 394 290
 292 164 398 302
 292 180 400 314
 292 188 402 322
 292 196 366 324
 292 204 354 332
 292 220 358 346
 292 228 360 354
 292 244 366 368
 292 284 368 400
 292 292 372 410
 292 300 372 416
 292 308 374 424
 292 84 384 236
 292 340 374 452
 292 348 374 460
 292 356 372 472
 292 92 384 242
 292 116 386 270
 300 140 398 286
 300 148 402 290
 300 156 402 298
 300 164 408 298
 300 172 406 310
 300 44 388 198
 300 204 360 330
 300 212 362 342
 300 220 366 350
 300 228 368 356
 300 276 374 398
 300 284 376 404
 300 292 378 410
 300 300 380 418
 300 308 382 426
 300 316 380 432
 300 324 382 440
 300 340 382 454
 300 348 380 462
 300 356 376 472
 300 100 390 250
 300 108 390 258
 76 132 140 204
 76 140 142 210
 76 36 124 118
 76 148 142 218
 76 156 146 226
 76 164 146 232
 76 44 124 124
 76 188 154 254
 76 12 114 98
 76 196 154 260
 76 204 154 268
 76 52 124 132
 76 212 154 282
 76 236 190 298
 76 60 126 138
 76 244 194 306
 76 252 198 314
 76 4 122 82
 76 260 200 322
 76 268 200 328
 76 68 126 146
 76 276 202 338
 76 284 204 344
 76 292 204 352
 76 300 202 360
 76 76 126 154
 76 308 204 368
 76 316 234 382
 76 20 116 104
 76 332 230 394
 76 340 230 400
 76 356 242 418
 76 364 246 426
 76 92 134 166
 76 372 248 432
 76 380 246 440
 76 388 246 450
 76 396 244 456
 76 404 246 466
 76 412 246 474
 76 444 214 478
 76 116 136 188
 76 124 136 194
 308 188 398 336
 308 196 398 332
 308 212 370 342
 308 228 374 360
 308 244 376 372
 308 252 374 378
 308 260 374 386
 308 300 386 420
 308 308 388 428
 308 316 386 432
 308 324 388 442
 308 332 388 448
 308 340 386 456
 308 348 384 464
 308 356 382 470
 308 100 394 250
 316 36 376 204
 316 52 398 222
 316 220 384 352
 316 228 382 360
 316 236 384 366
 316 60 396 226
 316 252 382 380
 316 260 382 388
 316 68 398 238
 316 284 388 408
 316 76 398 242
 316 316 394 436
 316 324 396 446
 316 332 392 450
 316 340 392 458
 316 356 390 472
 316 92 400 256
 316 116 398 258
 20 140 86 190
 20 148 86 198
 20 156 90 202
 20 164 88 210
 20 172 90 218
 20 44 70 100
 20 180 88 224
 20 188 86 232
 20 12 68 78
 20 196 90 242
 20 204 92 248
 20 52 70 108
 20 220 94 270
 20 236 136 280
 20 60 72 118
 20 244 138 288
 20 252 138 296
 20 268 146 312
 20 68 74 124
 20 276 150 320
 20 292 152 336
 20 300 154 344
 20 76 70 130
 20 316 154 360
 20 20 66 82
 20 324 162 368
 20 84 72 138
 20 340 178 384
 20 348 180 394
 20 356 180 400
 20 364 180 410
 20 92 78 144
 20 372 180 418
 20 380 180 424
 20 388 178 436
 20 396 176 442
 20 100 80 152
 20 404 178 452
 20 412 178 460
 20 420 174 466
 20 428 172 476
 20 436 100 362
 20 116 82 166
 20 124 80 174
 324 12 394 206
 324 212 386 338
 324 236 386 368
 324 252 392 382
 324 260 392 388
 324 268 394 394
 324 276 390 402
 324 284 394 408
 324 292 398 418
 324 76 406 242
 324 308 398 430
 324 84 406 248
 324 348 394 466
 324 356 400 470
 332 156 402 286
 332 172 398 306
 332 212 402 344
 332 236 402 366
 332 4 420 194
 332 260 390 390
 332 268 390 398
 332 292 404 418
 332 300 404 426
 332 76 408 248
 332 308 404 434
 332 324 404 448
 332 332 402 456
 332 340 366 478
 332 356 402 476
 332 100 406 264
 84 132 146 206
 84 140 150 214
 84 36 132 122
 84 148 150 220
 84 156 152 228
 84 164 154 234
 84 172 156 240
 84 44 132 130
 84 12 126 92
 84 196 162 262
 84 204 162 270
 84 212 164 282
 84 228 190 294
 84 236 200 302
 84 60 134 144
 84 244 202 310
 84 252 208 318
 84 4 128 82
 84 260 208 324
 84 268 210 332
 84 276 210 340
 84 284 210 348
 84 292 210 356
 84 300 210 362
 84 76 132 156
 84 308 210 370
 84 332 236 394
 84 84 142 162
 84 340 238 404
 84 356 250 420
 84 364 254 426
 84 92 142 170
 84 380 252 444
 84 388 252 450
 84 396 252 460
 84 100 144 178
 84 404 254 468
 84 412 254 476
 84 108 144 184
 84 28 130 116
 84 124 144 198
 340 36 386 210
 340 164 410 294
 340 52 438 210
 340 220 398 354
 340 244 406 376
 340 268 398 400
 340 276 402 406
 340 324 410 448
 340 356 408 478
 340 92 414 258
 348 36 406 212
 348 12 378 198
 348 220 408 350
 348 236 408 364
 348 252 426 394
 348 292 410 422
 348 300 408 428
 348 308 412 436
 348 316 412 444
 348 92 422 262
 348 28 434 202
 356 36 450 220
 356 220 422 360
 356 260 414 390
 356 292 418 422
 356 308 418 438
 356 324 416 454
 356 340 414 466
 364 36 456 222
 364 244 422 378
 364 252 420 384
 364 260 422 392
 364 300 416 414
 364 316 422 446
 364 332 420 462
 364 340 420 468
 364 348 420 476
 92 132 154 210
 92 140 158 216
 92 36 142 126
 92 148 160 222
 92 156 160 230
 92 164 162 238
 92 172 166 246
 92 44 138 132
 92 180 166 252
 92 188 170 258
 92 12 130 106
 92 196 172 266
 92 204 170 272
 92 52 142 138
 92 60 140 146
 92 4 128 98
 92 260 216 326
 92 68 142 152
 92 276 218 342
 92 284 218 350
 92 292 218 358
 92 300 218 364
 92 308 218 370
 92 324 242 390
 92 332 242 398
 92 84 150 166
 92 340 246 404
 92 348 254 414
 92 364 262 430
 92 92 152 174
 92 372 262 438
 92 380 260 446
 92 388 260 454
 92 396 262 462
 92 100 154 180
 92 404 262 470
 92 412 262 478
 92 108 152 188
 92 28 138 118
 92 116 154 194
 92 124 154 202
 372 36 446 184
 372 44 466 232
 372 12 450 210
 372 244 428 378
 372 252 426 384
 372 284 426 410
 372 300 432 432
 372 316 430 444
 372 324 426 454
 372 332 426 458
 372 340 424 464
 372 100 488 246
 380 36 460 236
 380 44 472 230
 380 12 420 212
 380 252 434 386
 380 300 428 416
 380 316 436 442
 380 324 438 450
 380 332 434 462
 380 108 440 234
 380 28 442 208
 388 36 374 190
 388 164 406 332
 388 260 434 398
 388 300 438 414
 388 308 434 422
 388 316 448 454
 388 324 448 460
 396 140 418 322
 396 148 418 316
 396 156 412 318
 396 164 414 328
 396 172 414 336
 396 188 414 358
 396 204 418 358
 396 276 442 410
 396 300 448 432
 396 308 448 442
 396 332 454 466
 100 132 162 210
 100 140 168 220
 100 148 168 226
 100 156 170 234
 100 172 172 246
 100 44 148 134
 100 188 178 262
 100 12 140 108
 100 196 180 268
 100 204 182 276
 100 52 150 142
 100 220 158 304
 100 60 150 150
 100 244 218 314
 100 4 138 102
 100 260 222 330
 100 268 224 338
 100 284 224 354
 100 300 226 366
 100 76 158 164
 100 308 248 380
 100 324 250 390
 100 332 252 398
 100 340 254 406
 100 356 270 422
 100 364 272 432
 100 380 270 448
 100 396 270 464
 100 404 270 472
 100 108 162 190
 100 116 160 198
 100 124 160 204
 404 164 422 328
 404 172 426 338
 404 44 410 184
 404 12 472 218
 404 204 426 358
 404 68 386 220
 404 316 458 454
 404 324 456 464
 404 100 420 286
 404 116 422 292
 404 124 422 300
 412 132 428 306
 412 140 426 312
 412 36 406 234
 412 148 430 320
 412 164 434 332
 412 172 434 338
 412 180 432 344
 412 204 428 364
 412 52 418 190
 412 212 428 370
 412 284 456 416
 412 20 400 222
 412 332 464 472
 412 100 426 284
 412 116 428 294
 412 124 428 302
 420 140 434 314
 420 36 414 236
 420 148 438 322
 420 164 440 334
 420 44 414 242
 420 188 436 352
 420 204 438 366
 420 212 436 372
 420 220 438 378
 420 4 120 350
 420 260 470 410
 420 68 426 260
 420 76 426 266
 420 20 406 224
 420 348 568 400
 420 92 430 274
 420 100 436 286
 420 108 432 290
 420 116 434 296
 420 124 434 304
 428 132 440 312
 428 36 418 238
 428 148 444 324
 428 172 446 342
 428 44 420 244
 428 180 446 350
 428 188 448 354
 428 12 410 222
 428 196 446 362
 428 204 446 368
 428 52 418 250
 428 220 442 380
 428 228 444 388
 428 236 442 394
 428 244 438 406
 428 20 412 226
 428 84 450 264
 428 124 440 306
 108 36 154 130
 108 156 178 236
 108 164 180 242
 108 172 186 250
 108 44 158 136
 108 180 186 258
 108 188 188 264
 108 196 190 272
 108 212 188 286
 108 60 158 152
 108 252 230 322
 108 276 230 346
 108 292 234 362
 108 300 234 370
 108 76 164 166
 108 316 258 386
 108 20 152 118
 108 324 260 394
 108 332 260 402
 108 84 164 172
 108 340 274 410
 108 348 274 416
 108 356 278 424
 108 92 166 178
 108 372 276 442
 108 380 276 448
 108 388 276 456
 108 396 276 464
 108 100 168 186
 108 404 278 472
 108 108 170 194
 108 28 152 124
 108 116 168 200
 108 124 168 208
 436 140 448 318
 436 148 450 326
 436 156 454 332
 436 164 452 338
 436 172 454 344
 436 44 426 246
 436 196 454 364
 436 204 454 370
 436 212 452 376
 436 244 446 406
 436 76 436 270
 436 20 420 222
 436 84 436 276
 444 36 438 240
 444 148 458 326
 444 156 460 332
 444 164 460 340
 444 172 460 346
 444 44 438 250
 444 180 460 352
 444 188 462 360
 444 12 422 224
 444 204 464 372
 444 212 460 378
 444 220 462 386
 444 236 454 398
 444 244 454 404
 444 252 454 412
 444 268 458 424
 444 68 450 242
 444 76 462 258
 444 20 426 232
 444 92 444 284
 444 100 446 292
 444 124 458 304
 28 132 90 184
 28 140 94 192
 28 36 74 102
 28 148 98 198
 28 156 96 208
 28 172 98 222
 28 44 76 106
 28 180 96 230
 28 188 96 236
 28 196 102 246
 28 204 102 258
 28 52 82 114
 28 212 106 258
 28 236 144 282
 28 60 80 120
 28 244 146 290
 28 252 150 300
 28 4 72 74
 28 268 154 314
 28 276 156 322
 28 284 158 330
 28 292 160 338
 28 300 162 346
 28 76 82 134
 28 308 164 354
 28 316 168 362
 28 324 170 372
 28 84 80 142
 28 340 186 386
 28 348 188 396
 28 356 188 404
 28 364 188 412
 28 372 190 422
 28 380 188 428
 28 388 186 436
 28 396 184 444
 28 404 186 454
 28 412 184 462
 28 420 182 470
 28 428 180 478
 28 108 88 162
 28 116 88 170
 28 124 86 176
 452 140 466 326
 452 148 468 330
 452 156 468 338
 452 172 468 346
 452 180 468 352
 452 188 470 360
 452 12 430 226
 452 212 468 380
 452 220 466 386
 452 228 466 392
 452 236 460 398
 452 60 454 250
 452 244 458 404
 452 252 460 412
 452 276 462 432
 452 76 454 274
 452 20 432 234
 452 84 448 280
 452 100 450 294
 452 108 452 300
 452 124 458 312
 460 164 474 344
 460 188 476 358
 460 196 478 370
 460 212 476 382
 460 220 476 390
 460 228 472 396
 460 60 498 232
 460 268 470 428
 460 276 468 434
 460 292 472 448
 460 300 468 452
 460 76 462 266
 460 308 468 460
 460 316 468 468
 460 92 458 294
 460 108 464 302
 460 124 464 316
 116 132 178 216
 116 140 182 224
 116 36 162 128
 116 148 184 230
 116 156 186 238
 116 164 186 244
 116 44 164 142
 116 188 198 268
 116 196 198 274
 116 204 198 282
 116 212 198 290
 116 60 166 154
 116 260 238 334
 116 268 238 342
 116 276 236 350
 116 292 240 364
 116 316 266 388
 116 324 268 396
 116 332 278 402
 116 84 172 174
 116 340 284 412
 116 348 284 418
 116 356 286 424
 116 364 284 434
 116 372 282 442
 116 380 282 450
 116 388 284 460
 116 396 286 466
 116 404 286 474
 116 28 160 126
 116 124 176 210
 468 132 472 320
 468 148 472 334
 468 220 480 390
 468 236 478 402
 468 60 528 236
 468 244 478 408
 468 252 482 412
 468 260 482 420
 468 276 476 434
 468 284 478 442
 468 76 458 278
 468 308 478 462
 468 316 476 468
 468 324 476 474
 468 100 482 286
 468 116 470 310
 468 124 474 314
 476 140 480 330
 476 156 480 348
 476 172 484 354
 476 180 486 362
 476 196 486 372
 476 220 486 392
 476 236 496 406
 476 244 498 416
 476 268 478 430
 476 284 484 444
 476 292 484 450
 476 300 484 456
 476 316 484 470
 476 324 484 478
 476 116 476 310
 484 132 484 326
 484 148 486 338
 484 44 454 260
 484 188 492 370
 484 204 492 380
 484 212 494 384
 484 220 494 394
 484 228 494 400
 484 236 506 410
 484 260 486 424
 484 268 486 432
 484 284 490 444
 484 292 492 450
 484 300 490 458
 484 308 490 464
 484 316 490 472
 484 100 482 302
 484 108 486 308
 484 116 482 314
 492 132 492 328
 492 148 492 342
 492 156 494 346
 492 164 494 354
 492 172 494 360
 492 196 496 378
 492 60 466 274
 492 252 492 422
 492 260 494 424
 492 268 498 434
 492 276 498 440
 492 292 496 450
 492 124 490 320
 124 132 188 220
 124 140 192 226
 124 148 194 232
 124 156 194 240
 124 164 194 248
 124 44 172 142
 124 180 204 262
 124 188 204 270
 124 196 204 278
 124 204 204 284
 124 52 174 150
 124 212 206 290
 124 228 214 306
 124 60 176 158
 124 244 242 322
 124 4 158 110
 124 268 242 344
 124 68 178 166
 124 300 258 374
 124 76 180 172
 124 316 274 388
 124 324 276 398
 124 332 288 406
 124 84 182 178
 124 340 290 412
 124 348 292 422
 124 356 292 428
 124 364 290 438
 124 92 182 184
 124 372 292 446
 124 380 292 452
 124 388 290 460
 124 396 294 468
 124 100 184 194
 124 404 294 478
 124 108 182 198
 124 116 184 206
 124 124 186 212
 500 132 496 330
 500 140 496 336
 500 156 500 348
 500 164 500 358
 500 172 500 360
 500 44 466 264
 500 180 500 368
 500 204 502 384
 500 236 502 410
 500 244 504 416
 500 276 504 440
 500 284 504 448
 500 300 502 464
 500 308 504 472
 500 28 460 252
 500 124 496 318
 508 180 506 368
 508 12 462 244
 508 204 506 388
 508 252 510 424
 508 268 510 438
 508 292 506 458
 508 28 466 254
